00, 00, 00, 00, 00, 00, 00, 00, 00, 00, 00
00, 01, 01, 00, 00, 00, 00, 00, 01, 00, 00
00, 01, 01, 00, 00, 00, 00, 01, 01, 02, 00
00, 00, 00, 00, 00, 00, 01, 01, 02, 03, 00
00, 00, 00, -1, 00, 00, 01, 02, 02, 03, 02
00, 00, -1, -1, -1, 00, 01, 02, 03, 03, 02
00, 00, 00, -1, 00, 00, 00, 01, 02, 02, 00
00, 00, 00, 00, 00, 00, 00, 00, 01, 01, 00
00, 00, 00, 00, 00, 00, 00, 00, 00, 00, 00
00, 00, 00, 00, 00, 00, 00, 00, 00, 00, 00
00, 00, 00, 00, 00, 00, 00, 00, 00, 00, 00
00, 00, 00, 00, 00, 00, 00, 00, 00, 00, 00
